162 11111111
152 11111110
109 1111110
98 111110
84 111101
83 111100
40 11101
73 11100
43 11011
47 11010
52 11001
80 11000
36 101111
122 1011101
146 10111001
206 1011100011
23 1011100010
205 101110000
26 1011011
103 1011010
148 1011001
142 1011000
139 1010111
133 1010110
106 1010101
104 1010100
96 101001
35 101000
42 10011
117 1001011
115 1001010
92 100100
74 10001
110 1000011
108 1000010
30 100000
61 01111
89 01110
39 011011
93 011010
59 01100
81 010111
91 010110
33 010101
88 010100
44 01001
66 01000
34 001111
151 00111011
140 00111010
130 0011100
45 00110
48 00101
64 00100
125 0001111
127 00011101
128 00011100
87 000110
138 0001011111
15 0001011110
167 000101110
163 000101101
166 000101100
99 0001010
82 000100
198 000011111
197 000011110
24 000011101
202 000011100
188 00001101
181 000011001
217 0000110001
210 0000110000
157 00001011
173 0000101011
171 0000101010
144 000010100
147 0000100
46 00000
161 11111111
160 11111110
136 1111110
22 11111011
189 111110101
185 111110100
211 1111100111
187 1111100110
177 1111100101
168 111110010011111
172 111110010011110
3 11111001001110
7 1111100100110
19 111110010010111
9 1111100100101101
182 11111001001011001
179 111110010010110001
175 1111100100101100001
190 11111001001011000001
184 111110010010110000001
10 1111100100101100000001
4 11111001001011000000001
1 111110010010110000000001
199 111110010010110000000000111
204 111110010010110000000000110
193 11111001001011000000000010
200 111110010010110000000000011
213 11111001001011000000000001011
218 111110010010110000000000010101
215 1111100100101100000000000101001
219 1111100100101100000000000101000
221 1111100100101100000000000100111
224 111110010010110000000000010011011
225 111110010010110000000000010011010
222 11111001001011000000000001001100
220 1111100100101100000000000100101
226 111110010010110000000000010010011
230 1111100100101100000000000100100101
234 11111001001011000000000001001001001
238 111110010010110000000000010010010001
0 11111001001011000000000001001001000011111
2 11111001001011000000000001001001000011110
252 1111100100101100000000000100100100001110
6 11111001001011000000000001001001000011011
14 11111001001011000000000001001001000011010
247 11111001001011000000000001001001000011001
251 11111001001011000000000001001001000011000
244 11111001001011000000000001001001000010
248 1111100100101100000000000100100100000111
253 11111001001011000000000001001001000001101
254 11111001001011000000000001001001000001100
239 111110010010110000000000010010010000010
249 1111100100101100000000000100100100000011
250 1111100100101100000000000100100100000010
243 111110010010110000000000010010010000000
240 11111001001011000000000001001000111111
245 111110010010110000000000010010001111101
246 111110010010110000000000010010001111100
241 11111001001011000000000001001000111101
242 11111001001011000000000001001000111100
236 111110010010110000000000010010001110
13 1111100100101100000000000100100011011
231 1111100100101100000000000100100011010
235 1111100100101100000000000100100011001
237 1111100100101100000000000100100011000
228 1111100100101100000000000100100010
232 111110010010110000000000010010000111
233 111110010010110000000000010010000110
223 11111001001011000000000001001000010
227 11111001001011000000000001001000001
229 11111001001011000000000001001000000
214 111110010010110000000000010001
5 11111001001011000000000001000011
12 11111001001011000000000001000010
216 1111100100101100000000000100000
201 111110010010110000000000001
11 1111100100101100000000000001
209 11111001001011000000000000001
208 111110010010110000000000000001
212 111110010010110000000000000000
8 11111001001010
255 1111100100100
207 11111001000
195 111110001
183 111110000
50 11110
120 1110111
113 1110110
196 1110101111
191 1110101110
178 111010110
170 11101010
174 111010011
194 1110100101
180 1110100100
20 1110100011
18 1110100010
17 1110100001
143 1110100000
49 11100
54 11011
55 11010
68 11001
57 11000
16 101111111
186 101111110
156 10111110
111 1011110
137 1011101
155 101110011
158 101110010
126 10111000
69 10110
51 10101
95 101001
86 101000
94 100111
76 100110
53 10010
71 10001
56 10000
60 01111
119 01110111
129 011101101
123 011101100
141 01110101
135 01110100
27 01110011
107 01110010
100 0111000
25 01101111
169 01101110
21 01101101
154 01101100
97 011010
62 01100
131 01011111
134 01011110
121 0101110
38 010110
132 01010111
124 01010110
102 0101010
101 0101001
90 0101000
37 010011
77 010010
58 01000
79 001111
32 0011101
164 001110011
159 001110010
150 001110001
145 001110000
78 001101
203 001100111
192 001100110
153 001100101
149 001100100
112 00110001
176 001100001
165 001100000
65 00101
116 0010011
28 0010010
72 001000
114 0001111
105 0001110
63 000110
31 0001011
29 00010101
118 00010100
41 000100
85 000011
75 000010
70 000001
67 000000
